11000101110101000011101000101011 
10111010001110000100010111000111 
00110110110001000011011011000100 
11000101110011011100010111001101 
10011000000110110110011111100100 
10110001101001110100111001011000 
01000100101011110100010010101111 
10010000110000001001000011000000 
00111101110100111100001000101100 
00111111001010111100000011010100 
10111001110001111011100111000111 
00110101100011011100101001110010 
10011011100101111001101110010111 
11111100011111111111110001111111 
10100111101011110101100001010000 
10001000101000101000100010100010 
11100010101000001110001010100000 
10010010011000110110110110011100 
10101000111001000101011100011011 
10111101101101100100001001001001 
01111111111010111000000000010100 
10010001001100110110111011001100 
01010110101010101010100101010101 
10101110100011010101000101110010 
01001110101010100100111010101010 
00111000001010100011100000101010 
01101000010011011001011110110010 
11001000010000110011011110111100 
11111001101000110000011001011100 
11111000010111001111100001011100 
11111111000000010000000011111110 
10110111000010100100100011110101 
01101111111110110110111111111011 
10110011001100110100110011001100 
11111101110001101111110111000110 
10101011110011100101010000110001 
00101101011111000010110101111100 
01111011001110010111101100111001 
00110100011000100011010001100010 
00001100010001100000110001000110 
01000100010101100100010001010110 
11011000000100110010011111101100 
10111001101111101011100110111110 
01100110000000010110011000000001 
11001100100000101100110010000010 
10110100000011101011010000001110 
10101011010001001010101101000100 
00000011110010101111110000110101 
10111000011011100100011110010001 
01100010001101101001110111001001 
01011110011111000101111001111100 
00001110101000011111000101011110 
00111100000101000011110000010100 
01011010100001111010010101111000 
10011110010100111001111001010011 
01001010010110011011010110100110 
00110001000000011100111011111110 
10001111101101010111000001001010 
10100001111110010101111000000110 
10010000011001101001000001100110 
11001101101000100011001001011101 
10111111101000010100000001011110 
01100000100110101001111101100101 
00101111110110010010111111011001 
11001010000111011100101000011101 
01001000111001001011011100011011 
00011000000001111110011111111000 
11001101011000000011001010011111 
10111001101011001011100110101100 
01101010001100000110101000110000 
01101011100001110110101110000111 
11110110010101110000100110101000 
01000010001001111011110111011000 
11101111011000110001000010011100 
00110010000101001100110111101011 
10011011110000101001101111000010 
10001101000000001000110100000000 
01100000110100110110000011010011 
01001000101100000100100010110000 
10101100001110011010110000111001 
10001100010110001000110001011000 
11111011000000110000010011111100 
01011111101001100101111110100110 
00110001111100110011000111110011 
00001001011011010000100101101101 
11001111101111000011000001000011 
01100100101011110110010010101111 
11011001011111000010011010000011 
10011011010100000110010010101111 
11110101011000101111010101100010 
10011110110010100110000100110101 
01001100111110110100110011111011 
11010001100010001101000110001000 
11111001101111100000011001000001 
11011000110111001101100011011100 
11011011110011000010010000110011 
11000101000101010011101011101010 
00110000000111111100111111100000 
11001001011110000011011010000111 
11010000111111011101000011111101 
11001100101001101100110010100110 
01111110010111110111111001011111 
00000101100100110000010110010011 
00100111111000100010011111100010 
00001101011000000000110101100000 
01001100010101110100110001010111 
00000010111110101111110100000101 
01001000000010011011011111110110 
01001111111011111011000000010000 
11100110101001110001100101011000 
00110001010101001100111010101011 
01111100011011100111110001101110 
00111010011100101100010110001101 
00101101111101001101001000001011 
00000100110011011111101100110010 
00011110100011011110000101110010 
00010100110101101110101100101001 
10111010000111011011101000011101 
00101000110100000010100011010000 
01101111110111000110111111011100 
00110100011111101100101110000001 
10011001010000110110011010111100 
00111110110010011100000100110110 
10100111011111111010011101111111 
10001111010011111000111101001111 
10001001111011011000100111101101 
10100111000111101010011100011110 
11011000001100111101100000110011 
00001101000100000000110100010000 
11010100011100011101010001110001 
11110010101110111111001010111011 
11010000000101101101000000010110 
11011110010111011101111001011101 
00010111001111111110100011000000 
00101000001000100010100000100010 
11001110001000100011000111011101 
10000111111111010111100000000010 
01000100001000111011101111011100 
01100010001000111001110111011100 
11001101101011110011001001010000 
11010110111000011101011011100001 
11001111010110101100111101011010 
00111111001001010011111100100101 
00101000101101011101011101001010 
10110011011001000100110010011011 
00000001100110011111111001100110 
10101110011011001010111001101100 
10010001100001100110111001111001 
00101001101001100010100110100110 
00010101110111000001010111011100 
00001000100100111111011101101100 
11101010110111110001010100100000 
10110110001011010100100111010010 
11010100000000111101010000000011 
00010000010001100001000001000110 
01010010111110100101001011111010 
11110011001111110000110011000000 
11101111010101010001000010101010 
01101111001010000110111100101000 
00011000001011100001100000101110 
01110001100010100111000110001010 
10010110001101111001011000110111 
11101110101100011110111010110001 
11110000011100101111000001110010 
01001001110011111011011000110000 
01100110100100000110011010010000 
01111010111111010111101011111101 
00110000110110100011000011011010 
01100110001000100110011000100010 
11100001011110000001111010000111 
00100111010000101101100010111101 
11111111100011111111111110001111 
11111001010101101111100101010110 
11000100100110001100010010011000 
10011110000110010110000111100110 
01111001110110000111100111011000 
00101000000111100010100000011110 
10001000101011011000100010101101 
00110010011111110011001001111111 
00111001110000110011100111000011 
01111001010001100111100101000110 
01101100111100111001001100001100 
10111101101010010100001001010110 
11101111001110100001000011000101 
10100001001010001010000100101000 
00101111100100000010111110010000 
01110101100111111000101001100000 
00011111101001001110000001011011 
01010001100010111010111001110100 
00011111000110100001111100011010 
10001001111100000111011000001111 
00111100010000100011110001000010 
10011111100011000110000001110011 
01111010010101010111101001010101 
11000011000011011100001100001101 
10011101011000000110001010011111 
11111001001110011111100100111001 
00000001101100111111111001001100 
11001110010101111100111001010111 
11111011100001100000010001111001 
00111101000101000011110100010100 
00101101001001011101001011011010 
01111111101110010111111110111001 
10010110011001110110100110011000 
00000100110110110000010011011011 
00010011111110000001001111111000 
00100000101000010010000010100001 
01110001101100111000111001001100 
10111001010001110100011010111000 
11000100101110010011101101000110 
00110101101011110011010110101111 
01001111101011101011000001010001 
10000001000010100111111011110101 
10010011010010000110110010110111 
11101010100000110001010101111100 
10011010011001110110010110011000 
10110100101101101011010010110110 
11000011000010011100001100001001 
01101100111100011001001100001110 
01100111110010011001100000110110 
01110100000111001000101111100011 
11100101000010000001101011110111 
00100100010001011101101110111010 
01000011000001011011110011111010 
01111011101111001000010001000011 
01111000110101111000011100101000 
10111001111101000100011000001011 
11110010010100111111001001010011 
11100100111000110001101100011100 
00101000010111101101011110100001 
10100001011101010101111010001010 
10100111010100011010011101010001 
11100001100011011110000110001101 
11000010001100001100001000110000 
10000010101011111000001010101111 
00100001111011110010000111101111 
01010111111110111010100000000100 
11100110101110101110011010111010 
10000010110001010111110100111010 
00011010111111001110010100000011 
01101011111001001001010000011011 
01000000010111011011111110100010 
01101000111001110110100011100111 
10110100100100001011010010010000 
00010110111011100001011011101110 
11101111111010011110111111101001 
11100110111001011110011011100101 
10110100110001011011010011000101 
01000111001111100100011100111110 
10111111000010011011111100001001 
01000000110100110100000011010011 
00011001100101001110011001101011 
00111000111000101100011100011101 
10001010100111001000101010011100 
10011010001010001001101000101000 
01101101100110101001001001100101 
01010001001100101010111011001101 
10111000101000011011100010100001 
00011100011001001110001110011011 
11110001101101111111000110110111 
10001000001010001000100000101000 
01001111111110100100111111111010 
10001111010010110111000010110100 
00011100011110000001110001111000 
11110111101001100000100001011001 
10101001101000100101011001011101 
10110100010100011011010001010001 
10100011001111011010001100111101 
00010000110111110001000011011111 
00001100100111011111001101100010 
01101001110011010110100111001101 
00100010110101101101110100101001 
11110100110111111111010011011111 
10001111001101010111000011001010 
00001010001011110000101000101111 
01100001110100000110000111010000 
11111101111100001111110111110000 
00110000010001111100111110111000 
01001001001010100100100100101010 
01100101000011010110010100001101 
10000101000000011000010100000001 
11000011010101111100001101010111 
10010101000111001001010100011100 
10101110011110001010111001111000 
00001001001000010000100100100001 
10000100010010011000010001001001 
11111010110011100000010100110001 
11100011110001011110001111000101 
00100101010000100010010101000010 
01111111000000010111111100000001 
00111011110010000011101111001000 
01010100011000111010101110011100 
01011100000010101010001111110101 
01101100101001100110110010100110 
01100001100101101001111001101001 
10101000100101101010100010010110 
01001100110011000100110011001100 
11110001000111010000111011100010 
11111001100000111111100110000011 
01010010100100011010110101101110 
01011100010001010101110001000101 
10110010000000110100110111111100 
11010100111001011101010011100101 
11011101111000010010001000011110 
01011111100100011010000001101110 
00101000111010011101011100010110 
10000111100000111000011110000011 
10001110100110001000111010011000 
01111101010001110111110101000111 
00011111011000110001111101100011 
11110111000001101111011100000110 
00011001011110100001100101111010 
00001000111101100000100011110110 
01110110001000110111011000100011 
11101110000111000001000111100011 
10101101011011101010110101101110 
10011110000011011001111000001101 
01001111101101110100111110110111 
00001001010101100000100101010110 
10000010111111000111110100000011 
