00101101 
10100101 
10011001 
01010101 
00111100 
00001111 
11101110 
11101110 
00101101 
01111000 
01100110 
01011010 
00100010 
01110111 
01101001 
01110111 
11001100 
00011110 
11000011 
01111000 
00001111 
10000111 
10100101 
01101001 
00110011 
11001100 
01011010 
10110100 
10110100 
00110011 
10110100 
11100001 
00100010 
10010110 
10101010 
00111100 
11001100 
01100110 
01000100 
10011001 
00100010 
00001111 
10111011 
11001100 
11011101 
11111111 
01000100 
01101001 
00111100 
00001111 
11111111 
01001011 
11101110 
11100001 
11101110 
10000111 
01111000 
10110100 
11010010 
01110111 
10110100 
00111100 
10010110 
11101110 
11011101 
10010110 
10000111 
10010110 
11011101 
10001000 
11101110 
10000111 
11000011 
11000011 
01101001 
11111111 
10111011 
10001000 
10101010 
10001000 
01010101 
10100101 
10011001 
10001000 
00100010 
11010010 
10101010 
11100001 
00101101 
10111011 
11000011 
11001100 
11011101 
10000111 
00010001 
00001111 
10100101 
01001011 
10110100 
11111111 
01100110 
01010101 
00100010 
01000100 
00100010 
11001100 
00111100 
11100001 
00011110 
11000011 
01101001 
10101010 
00011110 
01111000 
01011010 
01011010 
10110100 
00010001 
10101010 
00010001 
00111100 
11000011 
00001111 
01010101 
01000100 
10101010 
10111011 
11111111 
11001100 
10101010 
01000100 
00010001 
01100110 
10100101 
01010101 
10100101 
01011010 
10010110 
01011010 
10110100 
01000100 
11011101 
11011101 
10000111 
11010010 
10010110 
11001100 
10000111 
10101010 
11101110 
01101001 
00111100 
01001011 
11011101 
01100110 
10111011 
01001011 
01101001 
01000100 
01110111 
11011101 
11001100 
10001000 
01000100 
00101101 
01110111 
11001100 
11101110 
10101010 
10110100 
00111100 
00010001 
10001000 
00010001 
00011110 
10111011 
10011001 
01010101 
10111011 
00100010 
10101010 
01001011 
00111100 
00001111 
00100010 
01000100 
00011110 
01011010 
00011110 
10001000 
11100001 
01110111 
01111000 
10111011 
00110011 
10100101 
10001000 
01111000 
00100010 
01001011 
11101110 
11000011 
01100110 
00101101 
00100010 
10101010 
00110011 
10110100 
10010110 
01011010 
11011101 
11100001 
00111100 
11010010 
00011110 
11000011 
00010001 
01110111 
11010010 
11010010 
11100001 
10110100 
00011110 
01001011 
10000111 
00001111 
11100001 
10001000 
10010110 
00111100 
11100001 
01010101 
10001000 
01010101 
10101010 
10001000 
11010010 
00010001 
00011110 
01001011 
00011110 
01011010 
11011101 
01000100 
10111011 
10101010 
10001000 
01100110 
11011101 
10011001 
11001100 
01001011 
11000011 
10011001 
10111011 
01001011 
11000011 
00100010 
10100101 
10001000 
01110111 
10101010 
11100001 
10011001 
00111100 
01001011 
01100110 
01100110 
00010001 
01111000 
11101110 
11010010 
10101010 
00011110 
11011101 
11101110 
00100010 
10010110 
11111111 
10111011 
10101010 
01110111 
11111111 
10011001 
10001000 
01010101 
01001011 
11111111 
10001000 
01010101 
11101110 
10100101 
10110100 
00100010 
01011010 
00110011 
01100110 
11100001 
01110111 
10100101 
10001000 
01101001 
11101110 
00001111 
00111100 
00101101 
10111011 
01100110 
01010101 
10001000 
10101010 
00110011 
11011101 
11111111 
11100001 
11111111 
11001100 
10111011 
00100010 
11000011 
