1011111101000000 
1111110100000010 
1011011010110110 
0000101100001011 
1001010001101011 
1101101100100100 
1111001011110010 
1001111110011111 
0111001010001101 
1010110001010011 
0010100100101001 
1010110001010011 
1000010110000101 
1101011111010111 
1100101000110101 
1111101111111011 
0011011100110111 
0111001110001100 
1001100001100111 
0100101010110101 
1111001000001101 
0001101011100101 
0111011010001001 
0000010011111011 
1011010110110101 
0011100100111001 
0001010011101011 
1111000000001111 
0110101110010100 
0101000001010000 
0000000111111110 
1111101000000101 
0111111101111111 
0111010110001010 
1001111010011110 
0101010010101011 
1001011010010110 
1101111011011110 
1001011010010110 
0100011101000111 
1010011110100111 
0001001111101100 
0110000101100001 
0010110100101101 
1100101111001011 
1110010011100100 
1000000110000001 
1001111001100001 
1111000100001110 
1100011000111001 
1001000110010001 
0100111110110000 
0010100100101001 
0011011111001000 
1011000110110001 
1100111000110001 
0111100010000111 
1100111100110000 
1001111001100001 
1101100011011000 
0101000010101111 
0110010010011011 
1100101000110101 
1110101011101010 
0100100001001000 
0100000110111110 
1010001101011100 
0111000010001111 
0101010101010101 
1100011011000110 
0101110001011100 
0110100110010110 
1001100001100111 
1010000101011110 
1010001101011100 
0100001001000010 
0101010101010101 
1110101111101011 
1001001110010011 
0101000101010001 
1110011111100111 
1010110101010010 
1011100110111001 
1110011011100110 
0011000100110001 
0110000110011110 
1011000010110000 
1110000100011110 
1011110101000010 
1110111111101111 
0000001011111101 
1000100010001000 
0111011001110110 
1001001001101101 
0100100101001001 
1010101101010100 
1001110001100011 
0000111111110000 
1011111101000000 
1100011111000111 
1010100010101000 
0101101001011010 
0001001100010011 
0010100000101000 
0011111000111110 
0111101001111010 
0011110011000011 
0001010011101011 
0110111010010001 
0100111110110000 
0111110110000010 
0100010001000100 
0011101011000101 
0111011010001001 
0101100110100110 
0001110111100010 
0100000110111110 
0010100100101001 
1110011011100110 
0100011001000110 
0110011110011000 
1100111000110001 
0111010110001010 
1111100011111000 
0001111100011111 
0010101100101011 
0111001101110011 
0011000000110000 
1001111010011110 
1001010110010101 
1001010110010101 
1100101111001011 
1001100110011001 
0100111010110001 
1000011010000110 
1101011100101000 
1111011100001000 
0000001011111101 
0001110011100011 
1001001101101100 
0101000001010000 
1100010111000101 
1010100110101001 
0011000011001111 
1011010001001011 
1011101001000101 
1101111111011111 
0011000111001110 
0100111101001111 
0101111001011110 
1001000101101110 
0100111110110000 
0101011110101000 
0100001101000011 
0110010101100101 
0110100101101001 
0101000010101111 
0111001110001100 
1100000011000000 
0011110100111101 
1010010110100101 
0011010000110100 
0010100000101000 
1110111011101110 
1101111100100000 
1101001111010011 
0010010100100101 
0011110000111100 
1110101011101010 
0101110110100010 
1011110101000010 
0110111001101110 
0010110000101100 
1111111111111111 
1110010100011010 
0000011100000111 
1100111111001111 
0100010001000100 
1011011010110110 
0001110000011100 
0100101001001010 
1011111101000000 
0001011011101001 
1011111001000001 
1101100111011001 
1000011110000111 
0011101011000101 
1010100001010111 
0010110111010010 
1101010111010101 
0100011010111001 
1010011010100110 
1010101101010100 
1001000110010001 
0011011100110111 
0011110011000011 
1001001110010011 
1001110001100011 
1010101010101010 
1011011101001000 
1001011110010111 
0100111110110000 
1000001010000010 
1000110101110010 
1111000011110000 
0010101100101011 
0000111000001110 
1001111101100000 
1111110100000010 
0010111011010001 
0101011101010111 
1001111101100000 
0110010010011011 
0010100011010111 
0001101011100101 
0001000011101111 
1100111111001111 
1000001110000011 
1111011100001000 
1011101001000101 
1011000101001110 
1100111000110001 
0110110110010010 
1101000100101110 
0011111011000001 
1110001100011100 
1100110000110011 
1011010010110100 
0000101011110101 
0001010011101011 
0001100011100111 
0110100001101000 
0010010100100101 
1110111011101110 
0001001000010010 
1100100011001000 
1100010100111010 
0001111100011111 
0011000111001110 
1001101001100101 
0110010110011010 
0001111011100001 
1100111011001110 
0111010101110101 
1011111110111111 
1110111111101111 
1111001011110010 
1100110011001100 
1001101110011011 
0011000100110001 
0000011100000111 
1100000000111111 
0110111110010000 
1000011010000110 
1111111011111110 
1011010001001011 
1011011001001001 
0111010101110101 
0101100010100111 
0000011000000110 
0010110100101101 
0100001101000011 
1000001101111100 
1100000111000001 
0111110110000010 
1001111101100000 
0111101101111011 
0101010101010101 
1100011111000111 
1111000000001111 
1111011011110110 
1110111000010001 
1000101010001010 
1011001001001101 
0010111100101111 
0111010101110101 
0000101100001011 
1101100000100111 
0000011100000111 
0100100001001000 
0010001100100011 
1110111011101110 
0010111100101111 
1001111010011110 
1011000010110000 
1011100010111000 
0001001111101100 
1101001111010011 
1011110010111100 
0011011100110111 
1010011010100110 
1001111001100001 
0011100111000110 
0001110100011101 
1100100000110111 
1101010111010101 
0011111000111110 
1010110001010011 
1100000011000000 
1110100000010111 
1010010010100100 
1011110001000011 
0100000001000000 
1010101101010100 
1110111100010000 
0011010111001010 
0001101100011011 
1110001111100011 
1101111011011110 
0010011000100110 
0101011001010110 
1011101110111011 
1000111010001110 
0001111100011111 
1101001000101101 
1000011110000111 
0001010000010100 
0000101000001010 
0110101101101011 
0010110111010010 
